  ttM   tcM    uM   fBT    hp startR BvR_avgT SvA_avgT BvR_Cq% BvR_Cs% BvR_Tb%
------------------------------------------------------------------------------
  4.0   2.0   3.0     2   600     8     22.2     22.2   100%     0%     0%
  4.0   2.0   3.0     2   600    12     22.2     22.2   100%     0%     0%
  4.0   2.0   3.0     3   450     8     20.2     20.2   100%     0%     0%
  4.0   2.0   3.0     3   600     8     23.2     23.2   100%     0%     0%
  4.0   2.0   3.0     3   600    12     22.2     22.2   100%     0%     0%
  4.0   2.0   3.0     4   450     8     21.2     21.2   100%     0%     0%
  4.0   2.0   3.0     4   600     8     24.2     24.2   100%     0%     0%
  4.0   2.0   3.0     4   600    12     22.2     22.2   100%     0%     0%
  4.0   2.0   5.0     2   450     8     23.4     23.4   100%     0%     0%
  4.0   2.0   5.0     2   450    12     22.4     22.4   100%     0%     0%
  4.0   2.0   5.0     2   600     8     26.4     26.4   100%     0%     0%
  4.0   2.0   5.0     2   600    12     25.4     25.4   100%     0%     0%
  4.0   2.0   5.0     3   300     8     20.4     20.4   100%     0%     0%
  4.0   2.0   5.0     3   450     8     24.4     24.4   100%     0%     0%
  4.0   2.0   5.0     3   450    12     23.4     23.4   100%     0%     0%
  4.0   2.0   5.0     3   600     8     27.4     27.4   100%     0%     0%
  4.0   2.0   5.0     3   600    12     26.4     26.4   100%     0%     0%
  4.0   2.0   5.0     4   300     8     21.4     21.4   100%     0%     0%
  4.0   2.0   5.0     4   300    12     20.4     20.4   100%     0%     0%
  4.0   2.0   5.0     4   450     8     25.4     25.4   100%     0%     0%
  4.0   2.0   5.0     4   450    12     24.4     24.4   100%     0%     0%
  4.0   2.0   5.0     4   600     8     28.4     28.4   100%     0%     0%
  4.0   2.0   5.0     4   600    12     27.4     27.4   100%     0%     0%
  4.0   3.0   3.0     2   600     8     22.2     22.2   100%     0%     0%
  4.0   3.0   3.0     2   600    12     22.2     22.2   100%     0%     0%
  4.0   3.0   3.0     3   450     8     20.2     20.2   100%     0%     0%
  4.0   3.0   3.0     3   600     8     23.2     23.2   100%     0%     0%
  4.0   3.0   3.0     3   600    12     22.2     22.2   100%     0%     0%
  4.0   3.0   3.0     4   450     8     21.2     21.2   100%     0%     0%
  4.0   3.0   3.0     4   600     8     24.2     24.2   100%     0%     0%
  4.0   3.0   3.0     4   600    12     22.2     22.2   100%     0%     0%
  4.0   3.0   5.0     2   450     8     21.2     21.2   100%     0%     0%
  4.0   3.0   5.0     2   450    12     20.2     20.2   100%     0%     0%
  4.0   3.0   5.0     2   600     8     24.2     24.2   100%     0%     0%
  4.0   3.0   5.0     2   600    12     23.2     23.2   100%     0%     0%
  4.0   3.0   5.0     3   450     8     21.3     21.3   100%     0%     0%
  4.0   3.0   5.0     3   450    12     21.6     21.9   100%     0%     0%
  4.0   3.0   5.0     3   600     8     24.3     24.3   100%     0%     0%
  4.0   3.0   5.0     3   600    12     24.6     24.9   100%     0%     0%
  4.0   3.0   5.0     4   300    12     21.4     21.4   100%     0%     0%
  4.0   3.0   5.0     4   450     8     22.3     22.3   100%     0%     0%
  4.0   3.0   5.0     4   450    12     25.4     25.7   100%     0%     0%
  4.0   3.0   5.0     4   600     8     25.3     25.3   100%     0%     0%
  4.0   3.0   5.0     4   600    12     28.4     28.7   100%     0%     0%
  4.0   4.0   3.0     2   600     8     22.2     22.2   100%     0%     0%
  4.0   4.0   3.0     2   600    12     22.2     22.2   100%     0%     0%
  4.0   4.0   3.0     3   450     8     20.2     20.2   100%     0%     0%
  4.0   4.0   3.0     3   600     8     23.2     23.2   100%     0%     0%
  4.0   4.0   3.0     3   600    12     22.2     22.2   100%     0%     0%
  4.0   4.0   3.0     4   450     8     21.2     21.2   100%     0%     0%
  4.0   4.0   3.0     4   600     8     24.2     24.2   100%     0%     0%
  4.0   4.0   3.0     4   600    12     22.2     22.2   100%     0%     0%
  4.0   4.0   5.0     2   450     8     21.2     21.2   100%     0%     0%
  4.0   4.0   5.0     2   450    12     20.2     20.2   100%     0%     0%
  4.0   4.0   5.0     2   600     8     24.2     24.2   100%     0%     0%
  4.0   4.0   5.0     2   600    12     23.2     23.2   100%     0%     0%
  4.0   4.0   5.0     3   450     8     21.3     21.3   100%     0%     0%
  4.0   4.0   5.0     3   450    12     21.2     21.2   100%     0%     0%
  4.0   4.0   5.0     3   600     8     24.3     24.3   100%     0%     0%
  4.0   4.0   5.0     3   600    12     24.2     24.2   100%     0%     0%
  4.0   4.0   5.0     4   450     8     22.3     22.3   100%     0%     0%
  4.0   4.0   5.0     4   450    12     22.2     22.2   100%     0%     0%
  4.0   4.0   5.0     4   600     8     25.3     25.3   100%     0%     0%
  4.0   4.0   5.0     4   600    12     25.2     25.2   100%     0%     0%
  6.0   2.0   3.0     2   600     8     22.2     22.2   100%     0%     0%
  6.0   2.0   3.0     2   600    12     22.2     22.2   100%     0%     0%
  6.0   2.0   3.0     3   450     8     20.2     20.2   100%     0%     0%
  6.0   2.0   3.0     3   600     8     23.2     23.2   100%     0%     0%
  6.0   2.0   3.0     3   600    12     22.2     22.2   100%     0%     0%
  6.0   2.0   3.0     4   450     8     21.2     21.2   100%     0%     0%
  6.0   2.0   3.0     4   600     8     24.2     24.2   100%     0%     0%
  6.0   2.0   3.0     4   600    12     22.2     22.2   100%     0%     0%
  6.0   2.0   5.0     2   450     8     23.4     23.4   100%     0%     0%
  6.0   2.0   5.0     2   450    12     22.4     22.4   100%     0%     0%
  6.0   2.0   5.0     2   600     8     26.4     26.4   100%     0%     0%
  6.0   2.0   5.0     2   600    12     25.4     25.4   100%     0%     0%
  6.0   2.0   5.0     3   300     8     20.4     20.4   100%     0%     0%
  6.0   2.0   5.0     3   450     8     24.4     24.7   100%     0%     0%
  6.0   2.0   5.0     3   450    12     23.4     23.4   100%     0%     0%
  6.0   2.0   5.0     3   600     8     27.4     27.7   100%     0%     0%
  6.0   2.0   5.0     3   600    12     26.4     26.4   100%     0%     0%
  6.0   2.0   5.0     4   300     8     21.4     21.4   100%     0%     0%
  6.0   2.0   5.0     4   300    12     20.4     20.4   100%     0%     0%
  6.0   2.0   5.0     4   450     8     25.4     25.4   100%     0%     0%
  6.0   2.0   5.0     4   450    12     24.4     24.4   100%     0%     0%
  6.0   2.0   5.0     4   600     8     28.4     28.4   100%     0%     0%
  6.0   2.0   5.0     4   600    12     27.4     27.4   100%     0%     0%
  6.0   3.0   3.0     2   600     8     22.2     22.2   100%     0%     0%
  6.0   3.0   3.0     2   600    12     22.2     22.2   100%     0%     0%
  6.0   3.0   3.0     3   450     8     20.2     20.2   100%     0%     0%
  6.0   3.0   3.0     3   600     8     23.2     23.2   100%     0%     0%
  6.0   3.0   3.0     3   600    12     22.2     22.2   100%     0%     0%
  6.0   3.0   3.0     4   450     8     21.2     21.2   100%     0%     0%
  6.0   3.0   3.0     4   600     8     24.2     24.2   100%     0%     0%
  6.0   3.0   3.0     4   600    12     22.2     22.2   100%     0%     0%
  6.0   3.0   5.0     2   450     8     21.2     21.2   100%     0%     0%
  6.0   3.0   5.0     2   450    12     20.2     20.2   100%     0%     0%
  6.0   3.0   5.0     2   600     8     24.2     24.2   100%     0%     0%
  6.0   3.0   5.0     2   600    12     23.2     23.2   100%     0%     0%
  6.0   3.0   5.0     3   450     8     21.3     21.3   100%     0%     0%
  6.0   3.0   5.0     3   450    12     21.6     21.9   100%     0%     0%
  6.0   3.0   5.0     3   600     8     24.3     24.3   100%     0%     0%
  6.0   3.0   5.0     3   600    12     24.6     24.9   100%     0%     0%
  6.0   3.0   5.0     4   300    12     21.4     21.4   100%     0%     0%
  6.0   3.0   5.0     4   450     8     22.3     22.3   100%     0%     0%
  6.0   3.0   5.0     4   450    12     25.4     25.7   100%     0%     0%
  6.0   3.0   5.0     4   600     8     25.3     25.3   100%     0%     0%
  6.0   3.0   5.0     4   600    12     28.4     28.7   100%     0%     0%
  6.0   4.0   3.0     2   600     8     22.2     22.2   100%     0%     0%
  6.0   4.0   3.0     2   600    12     22.2     22.2   100%     0%     0%
  6.0   4.0   3.0     3   450     8     20.2     20.2   100%     0%     0%
  6.0   4.0   3.0     3   600     8     23.2     23.2   100%     0%     0%
  6.0   4.0   3.0     3   600    12     22.2     22.2   100%     0%     0%
  6.0   4.0   3.0     4   450     8     21.2     21.2   100%     0%     0%
  6.0   4.0   3.0     4   600     8     24.2     24.2   100%     0%     0%
  6.0   4.0   3.0     4   600    12     22.2     22.2   100%     0%     0%
  6.0   4.0   5.0     2   450     8     21.2     21.2   100%     0%     0%
  6.0   4.0   5.0     2   450    12     20.2     20.2   100%     0%     0%
  6.0   4.0   5.0     2   600     8     24.2     24.2   100%     0%     0%
  6.0   4.0   5.0     2   600    12     23.2     23.2   100%     0%     0%
  6.0   4.0   5.0     3   450     8     21.3     21.3   100%     0%     0%
  6.0   4.0   5.0     3   450    12     21.2     21.2   100%     0%     0%
  6.0   4.0   5.0     3   600     8     24.3     24.3   100%     0%     0%
  6.0   4.0   5.0     3   600    12     24.2     24.2   100%     0%     0%
  6.0   4.0   5.0     4   450     8     22.3     22.3   100%     0%     0%
  6.0   4.0   5.0     4   450    12     22.2     22.2   100%     0%     0%
  6.0   4.0   5.0     4   600     8     25.3     25.3   100%     0%     0%
  6.0   4.0   5.0     4   600    12     25.2     25.2   100%     0%     0%
  8.0   2.0   3.0     2   600     8     22.2     22.2   100%     0%     0%
  8.0   2.0   3.0     2   600    12     22.2     22.2   100%     0%     0%
  8.0   2.0   3.0     3   450     8     20.2     20.2   100%     0%     0%
  8.0   2.0   3.0     3   600     8     23.2     23.2   100%     0%     0%
  8.0   2.0   3.0     3   600    12     22.2     22.2   100%     0%     0%
  8.0   2.0   3.0     4   450     8     21.2     21.2   100%     0%     0%
  8.0   2.0   3.0     4   600     8     24.2     24.2   100%     0%     0%
  8.0   2.0   3.0     4   600    12     22.2     22.2   100%     0%     0%
  8.0   2.0   5.0     2   450     8     23.4     23.4   100%     0%     0%
  8.0   2.0   5.0     2   450    12     22.4     22.4   100%     0%     0%
  8.0   2.0   5.0     2   600     8     26.4     26.4   100%     0%     0%
  8.0   2.0   5.0     2   600    12     25.4     25.4   100%     0%     0%
  8.0   2.0   5.0     3   300     8     20.4     20.4   100%     0%     0%
  8.0   2.0   5.0     3   450     8     24.4     24.4   100%     0%     0%
  8.0   2.0   5.0     3   450    12     23.4     23.4   100%     0%     0%
  8.0   2.0   5.0     3   600     8     27.4     27.4   100%     0%     0%
  8.0   2.0   5.0     3   600    12     26.4     26.4   100%     0%     0%
  8.0   2.0   5.0     4   300     8     21.4     21.4   100%     0%     0%
  8.0   2.0   5.0     4   300    12     20.4     20.4   100%     0%     0%
  8.0   2.0   5.0     4   450     8     25.4     25.4   100%     0%     0%
  8.0   2.0   5.0     4   450    12     24.4     24.4   100%     0%     0%
  8.0   2.0   5.0     4   600     8     28.4     28.4   100%     0%     0%
  8.0   2.0   5.0     4   600    12     27.4     27.7   100%     0%     0%
  8.0   3.0   3.0     2   600     8     22.2     22.2   100%     0%     0%
  8.0   3.0   3.0     2   600    12     22.2     22.2   100%     0%     0%
  8.0   3.0   3.0     3   450     8     20.2     20.2   100%     0%     0%
  8.0   3.0   3.0     3   600     8     23.2     23.2   100%     0%     0%
  8.0   3.0   3.0     3   600    12     22.2     22.2   100%     0%     0%
  8.0   3.0   3.0     4   450     8     21.2     21.2   100%     0%     0%
  8.0   3.0   3.0     4   600     8     24.2     24.2   100%     0%     0%
  8.0   3.0   3.0     4   600    12     22.2     22.2   100%     0%     0%
  8.0   3.0   5.0     2   450     8     21.2     21.2   100%     0%     0%
  8.0   3.0   5.0     2   450    12     20.2     20.2   100%     0%     0%
  8.0   3.0   5.0     2   600     8     24.2     24.2   100%     0%     0%
  8.0   3.0   5.0     2   600    12     23.2     23.2   100%     0%     0%
  8.0   3.0   5.0     3   450     8     21.3     21.3   100%     0%     0%
  8.0   3.0   5.0     3   450    12     21.6     21.9   100%     0%     0%
  8.0   3.0   5.0     3   600     8     24.3     24.3   100%     0%     0%
  8.0   3.0   5.0     3   600    12     24.6     24.9   100%     0%     0%
  8.0   3.0   5.0     4   300    12     21.4     21.4   100%     0%     0%
  8.0   3.0   5.0     4   450     8     22.3     22.3   100%     0%     0%
  8.0   3.0   5.0     4   450    12     25.4     25.7   100%     0%     0%
  8.0   3.0   5.0     4   600     8     25.3     25.3   100%     0%     0%
  8.0   3.0   5.0     4   600    12     28.4     28.7   100%     0%     0%
  8.0   4.0   3.0     2   600     8     22.2     22.2   100%     0%     0%
  8.0   4.0   3.0     2   600    12     22.2     22.2   100%     0%     0%
  8.0   4.0   3.0     3   450     8     20.2     20.2   100%     0%     0%
  8.0   4.0   3.0     3   600     8     23.2     23.2   100%     0%     0%
  8.0   4.0   3.0     3   600    12     22.2     22.2   100%     0%     0%
  8.0   4.0   3.0     4   450     8     21.2     21.2   100%     0%     0%
  8.0   4.0   3.0     4   600     8     24.2     24.2   100%     0%     0%
  8.0   4.0   3.0     4   600    12     22.2     22.2   100%     0%     0%
  8.0   4.0   5.0     2   450     8     21.2     21.2   100%     0%     0%
  8.0   4.0   5.0     2   450    12     20.2     20.2   100%     0%     0%
  8.0   4.0   5.0     2   600     8     24.2     24.2   100%     0%     0%
  8.0   4.0   5.0     2   600    12     23.2     23.2   100%     0%     0%
  8.0   4.0   5.0     3   450     8     21.3     21.3   100%     0%     0%
  8.0   4.0   5.0     3   450    12     21.2     21.2   100%     0%     0%
  8.0   4.0   5.0     3   600     8     24.3     24.3   100%     0%     0%
  8.0   4.0   5.0     3   600    12     24.2     24.2   100%     0%     0%
  8.0   4.0   5.0     4   450     8     22.3     22.3   100%     0%     0%
  8.0   4.0   5.0     4   450    12     22.2     22.2   100%     0%     0%
  8.0   4.0   5.0     4   600     8     25.3     25.3   100%     0%     0%
  8.0   4.0   5.0     4   600    12     25.2     25.2   100%     0%     0%
