  ttM   tcM    uM   fBT    hp startR BvR_avgT SvA_avgT BvR_Cq% BvR_Cs% BvR_Tb%
------------------------------------------------------------------------------
  3.0   3.0   3.0     2   300    30     15.2     15.2    98%     2%     0%
  3.0   3.0   3.0     2   300    45     12.2     12.2    98%     2%     0%
  3.0   3.0   3.0     2   300    60     12.1     12.1    98%     2%     0%
  3.0   3.0   3.0     2   500    30     18.7     18.9    52%    48%     0%
  3.0   3.0   3.0     2   500    45     16.1     16.5    55%    45%     0%
  3.0   3.0   3.0     2   500    60     14.0     14.0     0%   100%     0%
  3.0   3.0   3.0     3   300    30     16.2     16.2    98%     2%     0%
  3.0   3.0   3.0     3   300    45     12.2     12.2   100%     0%     0%
  3.0   3.0   3.0     3   300    60     12.1     12.1    98%     2%     0%
  3.0   3.0   3.0     3   500    30     19.6     19.9    50%    50%     0%
  3.0   3.0   3.0     3   500    45     16.8     17.1    55%    45%     0%
  3.0   3.0   3.0     3   500    60     14.1     14.1     0%   100%     0%
  3.0   3.0   5.0     2   300    30     16.2     16.3    90%    10%     0%
  3.0   3.0   5.0     2   300    45     15.1     15.1    98%     2%     0%
  3.0   3.0   5.0     2   300    60     12.2     12.2   100%     0%     0%
  3.0   3.0   5.0     2   500    30     19.9     19.9    50%    50%     0%
  3.0   3.0   5.0     2   500    45     18.3     18.6    22%    78%     0%
  3.0   3.0   5.0     2   500    60     16.7     17.0    35%    65%     0%
  3.0   3.0   5.0     3   300    30     17.3     17.3    98%     2%     0%
  3.0   3.0   5.0     3   300    45     16.1     16.1    98%     2%     0%
  3.0   3.0   5.0     3   300    60     12.2     12.2   100%     0%     0%
  3.0   3.0   5.0     3   500    30     21.2     22.1    55%    45%     0%
  3.0   3.0   5.0     3   500    45     18.9     20.2    22%    78%     0%
  3.0   3.0   5.0     3   500    60     17.1     17.1    68%    32%     0%
  3.0   5.0   3.0     2   300    30     12.2     12.2   100%     0%     0%
  3.0   5.0   3.0     2   300    45     15.2     15.2    98%     2%     0%
  3.0   5.0   3.0     2   300    60     12.2     12.2   100%     0%     0%
  3.0   5.0   3.0     2   500    30     17.1     17.1   100%     0%     0%
  3.0   5.0   3.0     2   500    45     19.6     19.8    75%    25%     0%
  3.0   5.0   3.0     2   500    60     16.9     17.1    78%    22%     0%
  3.0   5.0   3.0     3   300    30     12.2     12.2   100%     0%     0%
  3.0   5.0   3.0     3   300    45     16.2     16.2    98%     2%     0%
  3.0   5.0   3.0     3   300    60     12.2     12.2   100%     0%     0%
  3.0   5.0   3.0     3   500    30     17.1     17.1   100%     0%     0%
  3.0   5.0   3.0     3   500    45     20.6     20.6    57%    42%     0%
  3.0   5.0   3.0     3   500    60     17.1     17.1    88%    12%     0%
  3.0   5.0   5.0     2   300    30     12.2     12.2   100%     0%     0%
  3.0   5.0   5.0     2   300    45     16.3     16.3   100%     0%     0%
  3.0   5.0   5.0     2   300    60     15.2     15.2    98%     2%     0%
  3.0   5.0   5.0     2   500    30     17.1     17.1   100%     0%     0%
  3.0   5.0   5.0     2   500    45     20.9     21.1    78%    22%     0%
  3.0   5.0   5.0     2   500    60     19.6     19.9    75%    25%     0%
  3.0   5.0   5.0     3   300    30     12.2     12.2   100%     0%     0%
  3.0   5.0   5.0     3   300    45     17.3     17.3   100%     0%     0%
  3.0   5.0   5.0     3   300    60     16.1     16.1   100%     0%     0%
  3.0   5.0   5.0     3   500    30     17.1     17.1   100%     0%     0%
  3.0   5.0   5.0     3   500    45     22.0     22.1    78%    22%     0%
  3.0   5.0   5.0     3   500    60     20.6     20.9    72%    28%     0%
  5.0   3.0   3.0     2   300    30     15.2     15.2   100%     0%     0%
  5.0   3.0   3.0     2   300    45     12.2     12.2   100%     0%     0%
  5.0   3.0   3.0     2   300    60     12.2     12.2   100%     0%     0%
  5.0   3.0   3.0     2   500    30     20.2     20.2   100%     0%     0%
  5.0   3.0   3.0     2   500    45     17.1     17.1   100%     0%     0%
  5.0   3.0   3.0     2   500    60     17.1     17.1   100%     0%     0%
  5.0   3.0   3.0     3   300    30     16.2     16.2   100%     0%     0%
  5.0   3.0   3.0     3   300    45     12.2     12.2   100%     0%     0%
  5.0   3.0   3.0     3   300    60     12.2     12.2   100%     0%     0%
  5.0   3.0   3.0     3   500    30     21.2     21.2   100%     0%     0%
  5.0   3.0   3.0     3   500    45     17.1     17.1   100%     0%     0%
  5.0   3.0   3.0     3   500    60     17.1     17.1   100%     0%     0%
  5.0   3.0   5.0     2   300    30     16.3     16.3   100%     0%     0%
  5.0   3.0   5.0     2   300    45     15.2     15.2   100%     0%     0%
  5.0   3.0   5.0     2   300    60     12.2     12.2   100%     0%     0%
  5.0   3.0   5.0     2   500    30     21.3     21.3    98%     2%     0%
  5.0   3.0   5.0     2   500    45     20.1     20.1   100%     0%     0%
  5.0   3.0   5.0     2   500    60     17.1     17.1   100%     0%     0%
  5.0   3.0   5.0     3   300    30     17.3     17.3   100%     0%     0%
  5.0   3.0   5.0     3   300    45     16.1     16.1   100%     0%     0%
  5.0   3.0   5.0     3   300    60     12.2     12.2   100%     0%     0%
  5.0   3.0   5.0     3   500    30     22.3     22.3   100%     0%     0%
  5.0   3.0   5.0     3   500    45     21.1     21.1   100%     0%     0%
  5.0   3.0   5.0     3   500    60     17.1     17.1   100%     0%     0%
  5.0   5.0   3.0     2   300    30     12.2     12.2   100%     0%     0%
  5.0   5.0   3.0     2   300    45     15.2     15.2   100%     0%     0%
  5.0   5.0   3.0     2   300    60     12.2     12.2   100%     0%     0%
  5.0   5.0   3.0     2   500    30     17.1     17.1   100%     0%     0%
  5.0   5.0   3.0     2   500    45     20.2     20.2   100%     0%     0%
  5.0   5.0   3.0     2   500    60     17.1     17.1   100%     0%     0%
  5.0   5.0   3.0     3   300    30     12.2     12.2   100%     0%     0%
  5.0   5.0   3.0     3   300    45     16.2     16.2   100%     0%     0%
  5.0   5.0   3.0     3   300    60     12.2     12.2   100%     0%     0%
  5.0   5.0   3.0     3   500    30     17.1     17.1   100%     0%     0%
  5.0   5.0   3.0     3   500    45     21.2     21.2   100%     0%     0%
  5.0   5.0   3.0     3   500    60     17.1     17.1   100%     0%     0%
  5.0   5.0   5.0     2   300    30     12.2     12.2   100%     0%     0%
  5.0   5.0   5.0     2   300    45     16.3     16.3   100%     0%     0%
  5.0   5.0   5.0     2   300    60     15.2     15.2   100%     0%     0%
  5.0   5.0   5.0     2   500    30     17.1     17.1   100%     0%     0%
  5.0   5.0   5.0     2   500    45     21.3     21.3   100%     0%     0%
  5.0   5.0   5.0     2   500    60     20.1     20.1   100%     0%     0%
  5.0   5.0   5.0     3   300    30     12.2     12.2   100%     0%     0%
  5.0   5.0   5.0     3   300    45     17.3     17.3   100%     0%     0%
  5.0   5.0   5.0     3   300    60     16.1     16.1   100%     0%     0%
  5.0   5.0   5.0     3   500    30     17.1     17.1   100%     0%     0%
  5.0   5.0   5.0     3   500    45     22.3     22.3   100%     0%     0%
  5.0   5.0   5.0     3   500    60     21.1     21.1   100%     0%     0%
  7.0   3.0   3.0     2   300    30     15.2     15.2   100%     0%     0%
  7.0   3.0   3.0     2   300    45     12.2     12.2   100%     0%     0%
  7.0   3.0   3.0     2   300    60     12.2     12.2   100%     0%     0%
  7.0   3.0   3.0     2   500    30     20.2     20.2   100%     0%     0%
  7.0   3.0   3.0     2   500    45     17.1     17.1   100%     0%     0%
  7.0   3.0   3.0     2   500    60     17.1     17.1   100%     0%     0%
  7.0   3.0   3.0     3   300    30     16.2     16.2   100%     0%     0%
  7.0   3.0   3.0     3   300    45     12.2     12.2   100%     0%     0%
  7.0   3.0   3.0     3   300    60     12.2     12.2   100%     0%     0%
  7.0   3.0   3.0     3   500    30     21.2     21.2   100%     0%     0%
  7.0   3.0   3.0     3   500    45     17.1     17.1   100%     0%     0%
  7.0   3.0   3.0     3   500    60     17.1     17.1   100%     0%     0%
  7.0   3.0   5.0     2   300    30     16.3     16.3   100%     0%     0%
  7.0   3.0   5.0     2   300    45     15.2     15.2   100%     0%     0%
  7.0   3.0   5.0     2   300    60     12.2     12.2   100%     0%     0%
  7.0   3.0   5.0     2   500    30     21.3     21.3   100%     0%     0%
  7.0   3.0   5.0     2   500    45     20.1     20.1   100%     0%     0%
  7.0   3.0   5.0     2   500    60     17.1     17.1   100%     0%     0%
  7.0   3.0   5.0     3   300    30     17.3     17.3   100%     0%     0%
  7.0   3.0   5.0     3   300    45     16.1     16.1   100%     0%     0%
  7.0   3.0   5.0     3   300    60     12.2     12.2   100%     0%     0%
  7.0   3.0   5.0     3   500    30     22.3     22.3   100%     0%     0%
  7.0   3.0   5.0     3   500    45     21.1     21.1   100%     0%     0%
  7.0   3.0   5.0     3   500    60     17.1     17.1   100%     0%     0%
  7.0   5.0   3.0     2   300    30     12.2     12.2   100%     0%     0%
  7.0   5.0   3.0     2   300    45     15.2     15.2   100%     0%     0%
  7.0   5.0   3.0     2   300    60     12.2     12.2   100%     0%     0%
  7.0   5.0   3.0     2   500    30     17.1     17.1   100%     0%     0%
  7.0   5.0   3.0     2   500    45     20.2     20.2   100%     0%     0%
  7.0   5.0   3.0     2   500    60     17.1     17.1   100%     0%     0%
  7.0   5.0   3.0     3   300    30     12.2     12.2   100%     0%     0%
  7.0   5.0   3.0     3   300    45     16.2     16.2   100%     0%     0%
  7.0   5.0   3.0     3   300    60     12.2     12.2   100%     0%     0%
  7.0   5.0   3.0     3   500    30     17.1     17.1   100%     0%     0%
  7.0   5.0   3.0     3   500    45     21.2     21.2   100%     0%     0%
  7.0   5.0   3.0     3   500    60     17.1     17.1   100%     0%     0%
  7.0   5.0   5.0     2   300    30     12.2     12.2   100%     0%     0%
  7.0   5.0   5.0     2   300    45     16.3     16.3   100%     0%     0%
  7.0   5.0   5.0     2   300    60     15.2     15.2   100%     0%     0%
  7.0   5.0   5.0     2   500    30     17.1     17.1   100%     0%     0%
  7.0   5.0   5.0     2   500    45     21.3     21.3   100%     0%     0%
  7.0   5.0   5.0     2   500    60     20.1     20.1   100%     0%     0%
  7.0   5.0   5.0     3   300    30     12.2     12.2   100%     0%     0%
  7.0   5.0   5.0     3   300    45     17.3     17.3   100%     0%     0%
  7.0   5.0   5.0     3   300    60     16.1     16.1   100%     0%     0%
  7.0   5.0   5.0     3   500    30     17.1     17.1   100%     0%     0%
  7.0   5.0   5.0     3   500    45     22.3     22.3   100%     0%     0%
  7.0   5.0   5.0     3   500    60     21.1     21.1   100%     0%     0%
